11011111
01110000
01011110
01001111
00111111
10101100
01110100
01110011
10011110
10110000
00110100
10011111
10000011
11111001
10101100
11000010
00110100
01110110
00101001
11011101
11010110
11110000
11010001
00000000
01100110
00001100
00100001
11110111
00000110
00011100
10011110
10001011
11001100
00001010
10001011
00000110
00110000
10010111
01110010
01110010
00010110
10110110
10001000
01000100
11101001
10011110
00100110
11100100
00001110
01011110
11111101
00101100
10011011
10111100
10110100
11001010
01011000
01001111
11001101
11011001
11101111
10100100
11000000
10101111
01101000
11110111
10101101
11111111
01111110
00111000
01000100
00000000
00000000
10110001
01000000
00110011
10100100
00010010
11010001
11000000
00110101
01011111
11001110
11100111
10010111
01100111
00111000
10110010
01011000
00111111
01101001
10111011
00101111
10101001
01000001
01100101
11111111
01101001
01111010
10011010
11000001
00000111
01001110
11000100
00000001
01111111
10111101
10000000
10010101
01101100
11110100
11110111
00011110
01000100
01110101
10011001
00111011
11111111
11100001
11110111
01010001
10100000
10100101
01111100
11110101
00010100
01000111
00000110
11010001
11110001
11110101
00010101
11111010
01001011
01011111
10111100
01011011
00011001
10111011
11000001
10010001
01000001
10100110
01011010
01110011
11011000
11010111
01110010
00101001
10110111
10101101
11000011
11111111
10110111
10011001
10101101
01100010
11100101
01001110
01100001
01001000
00101011
01010111
11010100
01101101
00101110
10000010
11011100
01011010
10000110
11110011
10111101
10101011
01011000
11011001
01110011
10101111
10011110
10001110
11100111
01011000
01100010
00000100
11110001
00011110
00110011
00001010
11100011
10000101
00111000
01011011
11001101
01001011
00010011
01011010
00000111
01011010
11001010
10001001
10101010
01001110
00010110
10110000
00000100
11100011
01001011
10010011
10010110
10100001
11111011
10010001
11011100
10110100
10101100
00101000
11011000
11101001
10111101
01111010
10111111
11010101
11000001
11101111
11111100
10100100
00101100
01001000
01010001
00101001
11100001
11011011
01001010
00011001
01010011
11011010
10011101
10001100
11110000
10100101
01111100
11000100
01111001
00101000
01100100
00010100
00000011
01010011
11011001
10101110
01110111
10011111
10110000
01001111
00000101
10011110
01001000
